0,273
0,270
10,25
10,91
10,99
10,275
10,295
10,103
10,9
10,225
11,11
11,7
11,15
8,4
77,4
77,3
77,2
77,1
77,0
75,3
75,2
75,1
75,0
74,3
74,2
74,1
74,0
73,5
73,4
73,3
73,2
73,1
73,0
70,5
70,4
70,3
70,2
70,1
70,0
68,3
68,2
68,1
68,0
67,3
67,2
67,1
67,0
66,5
66,4
66,3
66,2
66,1
66,0
64,3
64,2
64,1
64,0
20,3
20,2
20,1
19,3
19,2
19,1
12,3
12,2
12,1
11,28
11,27
11,24
11,22
11,19
11,18
11,17
11,13
11,12
11,9
11,6
11,3
11,2
11,1
10,305
10,304
10,267
10,233
18,1
10,224
18,3
10,211
10,179
10,166
10,148
10,136
10,113
10,100
10,80
14,1
10,75
14,3
10,35
10,4
10,3
13,1
10,2
13,3
10,1
9,7
9,6
9,5
9,4
9,3
9,2
9,1
8,18
8,17
8,16
8,15
8,14
