0,534
0,533
0,532
0,531
0,530
0,472
0,243
0,386
0,273
0,270
3,2
3,1
3,3
10,113
10,291
10,307
10,133
10,301
10,193
10,91
10,1
10,237
10,2
10,3
11,15
11,25
11,13
11,21
11,1
11,27
11,2
11,3
9,5
9,1
9,7
9,2
9,3
8,5
8,12
8,6
8,13
8,7
8,1
8,11
8,2
8,3
12,2
12,1
12,3
20,2
20,1
20,3
19,2
19,1
19,3
18,1
18,3
14,1
14,3
13,1
13,3
62,5
62,4
62,3
62,2
62,1
62,0
59,5
59,4
59,3
59,2
59,1
59,0
57,3
57,2
57,1
57,0
56,3
56,2
56,1
56,0
55,5
2,2
55,4
2,1
55,3
2,3
55,2
55,1
55,0
53,3
53,2
53,1
53,0
0,0
63,34
63,33
63,32
63,31
63,30
63,29
63,28
63,27
63,26
63,25
63,24
